file-1
6655945
6263626
6255691
7076867
6083212
6279023
6093727
6122454
6612014
6157466
6546757
6280184
6293880
6435165
6318582
6067851
6108840
6117898
6074515
6354153
6083605
6239928
6063276
6108533
6572964
6419669
6323973
6032305
6484277
7208492
6330933
6418501
6202657
6297606
7361654
6240172
6415133
6261943
6501680
6468202
6710768
6310970
6137140
6098259
6307507
6584868
6414561
6612088
6240821
6119828
6042697
6120546
6158727
6326329
6133998
6024110
6203481
6381855
6819322
6023182
6174959
6335368
6140402
6150970
6312210
6116845
6420232
6782662
6391754
6755683
6238727
6250968
6143200
6474583
6323559
6373619
6190556
6118811
6124469
6680559
6359834
6248021
6426951
6037842
6097563
6089615
6379349
6338417
6540853
6274666
6066940
6337461
6547020
6141583
6104289
6118282
6216908
6306150
6092470
6305530
6358975
6153915
6171952
6186347
6341488
6273621
6624443
6175539
6551394
7703974
6069959
6498902
6180048
5993960
6502221
6242632
6356014
6147392
6065107
6159083
6305377
6324153
8143442
6434955
7524024
6232692
6114492
6688282
