5935755 78317.646551 40412.069529 459079.694785 
5936252 76474.913611 39682.969573 456456.091753 
5955938 76994.969547 40212.564324 458205.299551 
5941061 76565.346476 40003.383029 460762.945973 
5961490 78243.901957 40567.834117 461523.365125 
5969822 76549.396385 40576.119670 456644.883725 
5986802 78791.437801 40279.585569 463293.280767 
5977265 78715.180744 39989.508348 463755.387769 
6003498 79081.203634 40703.853745 465247.260566 
5995211 76840.069758 40336.482812 458693.836963 
6155072 76700.874712 40681.880380 458031.962575 
5951657 76966.029862 40431.006997 461915.152833 
6671844 78090.494968 40798.914486 461419.737689 
5960395 78528.377650 40105.044573 464688.220127 
6102752 79309.638165 40693.045766 465883.739459 
5999230 79308.953577 39987.127183 466406.760850 
5964090 79170.392472 40616.480078 466167.196899 
5971798 78088.000338 40191.547483 463947.090212 
5978419 79290.251459 40839.415932 464861.314567 
5969103 78675.306497 40007.702916 464824.141191 
6490350 76917.340193 41049.465981 463166.105962 
5958716 79085.081644 40060.549624 464520.840373 
6007716 77604.131091 40828.189275 459275.160451 
5988614 79451.331946 40042.747059 470729.111875 
5944528 78399.874367 40866.370133 462958.807929 
6338359 79579.338467 39745.962064 469844.774104 
5928821 78782.860901 40710.330135 464861.723869 
5952539 78316.905872 39915.486062 465743.538911 
5936287 78404.178541 40198.612718 462555.987499 
6087484 79463.314506 40048.568019 469979.332549 
6205096 79243.321564 40644.458566 467673.070667 
5951244 79545.031736 39844.866885 469285.679831 
5949894 79065.938640 40468.097297 466638.839591 
5957366 78249.058404 40057.763565 470427.484598 
6095003 79554.078642 40651.007458 465114.315691 
6654903 78595.760018 40516.375626 464958.743215 
5950589 79571.596614 40669.163946 467170.313294 
5970319 76875.029393 40781.115494 461290.422019 
6039300 79300.361981 40436.414181 465794.015632 
5971144 77337.450123 40358.421597 461408.271996 
